60-40, Class, Weights:
[2.18792477, 2.38097695, 4.95631937, 0.87359586, 0.94010187, 1.38776942
, 1.68263036, 2.83493754, 1.22450243, 1.46300993, 1.25185386, 1.20227549
, 1.02906631, 1.3319542, , 3.35750667, 0.2614205, , 0.62754431, 4.02529805
, 1.4147164, , 0.98059078, 1.42858617, 1.42023187, 9.5865651, , 3.91709111
, 0.28033049, 0.76451096, 1.30569704, 2.96170304, 0.67586173, 1.4147164
, 0.73742808, 1.46595362, 0.80505961, 0.85313694, 1.02472426, 0.26455299
, 3.95966819, 0.90059202]

80-20, Class, Weights:
[2.28569659, 2.33514676, 5.0859741, , 0.8573884, , 0.94221247, 1.37985945
, 1.70724262, 2.74412727, 1.20374356, 1.45640338, 1.22809235, 1.22809235
, 1.00979319, 1.3510724, , 3.42049666, 0.25760304, 0.60789803, 3.85484545
, 1.42856037, 0.97630257, 1.47408354, 1.44988217, 9.71421053, 3.82449233
, 0.28132669, 0.78214255, 1.27986963, 3.1336163, , 0.67647706, 1.42228558
, 0.74267665, 1.53220986, 0.81700677, 0.84840267, 1.00249851, 0.26650783
, 3.90128937, 0.90871941]